29
baboon	0.0	0.983511529048	0.950338600451	0.954425363276	0.982007454055	0.983081261215	0.982893890675	0.984599589322	0.950350853965	0.961198363468	0.98700140181	0.979300591412	0.981059141863	0.954395241243	0.987426225302	0.988686037542	0.95329452236	0.981020012912	0.992754544299	0.988594130463	0.981187991238	0.979705274043	0.982952344053	0.983729338843	0.982847562548	0.985126298243	0.991073705687	0.980962181631	0.981593512679
cat	0.982660455487	0.0	0.981171276458	0.977870346264	0.956267446497	0.942044539844	0.948058902276	0.970298330924	0.979634193799	0.9798727438	0.973704764384	0.961771684682	0.943966675625	0.980132450331	0.971860618014	0.98303536474	0.982890473104	0.951737967914	0.984215293052	0.97089807743	0.945391117671	0.948285101822	0.933615049073	0.936094835809	0.960386857446	0.96677653263	0.981570408825	0.962948312236	0.96247853085
common chimpanzee	0.950199203187	0.981263729164	0.0	0.448370095647	0.978288963556	0.979665379665	0.980258064516	0.978643541289	0.89120986962	0.792220113852	0.982953088952	0.976082740789	0.977337477337	0.684840425532	0.985322518347	0.988145857493	0.866216410404	0.97665066805	0.989915751851	0.982700748774	0.979723621335	0.979956032588	0.979628908784	0.980936324731	0.97804339353	0.977358002329	0.9893739598	0.981975022531	0.978398654767
bonobo chimpanzee	0.954918032787	0.978367875648	0.447825238931	0.0	0.977889837083	0.980061744276	0.980123902943	0.980237664686	0.891596638655	0.79808447166	0.983738796415	0.974382196921	0.977084412222	0.691149710505	0.985986114682	0.987764039155	0.872285714286	0.974935064935	0.989158163265	0.984	0.977078477078	0.977449455677	0.976051021736	0.977101223003	0.975416233091	0.975106962271	0.98795798104	0.980283505155	0.974299065421
cow	0.982915863841	0.957908669755	0.979583925572	0.979312128265	0.0	0.964159117763	0.958998935037	0.974358974359	0.978739853112	0.975498154982	0.977087378641	0.945033313144	0.954812834225	0.98	0.971003717472	0.981053724371	0.977767962309	0.952189094816	0.981324059763	0.976496674058	0.953918285332	0.951952758019	0.959292270853	0.958966160405	0.869373345102	0.970088819227	0.981979662762	0.946810122746	0.943488194973
dog	0.982874066443	0.94138997177	0.979298744986	0.979446742503	0.963356973995	0.0	0.952665075577	0.972867205844	0.980692495817	0.981576913167	0.973561430793	0.967110415035	0.952032952432	0.98376497874	0.973907371168	0.980999479438	0.985473711274	0.961416908085	0.983511529048	0.976489028213	0.955687830688	0.961254612546	0.939369442199	0.936849222448	0.965254014214	0.97183833116	0.981526934505	0.965557883709	0.966181675187
donkey	0.98229516671	0.947304907482	0.979888413131	0.979766536965	0.95689769855	0.95276635266	0.0	0.971335078534	0.976215232649	0.980547270134	0.972428144102	0.950459448662	0.612316305108	0.977405531749	0.97899543379	0.981633450567	0.981335061568	0.942245557351	0.986098596988	0.975022884791	0.898810356893	0.899593894413	0.952081381341	0.953426124197	0.950675043443	0.969196487089	0.983055232182	0.955968169761	0.94963259853
fat dormouse	0.984461281623	0.970672951034	0.978629711177	0.980098216593	0.972652689152	0.97313781469	0.97212452781	0.0	0.98225308642	0.983022508039	0.972853617353	0.976446227514	0.974262316392	0.982211910286	0.975450509271	0.982163780758	0.984437299035	0.976611226611	0.980460662526	0.973259929217	0.97210999609	0.968815513627	0.972516686298	0.973298429319	0.972895115883	0.966197553597	0.982562645311	0.981144259331	0.977187297472
gibbon	0.950569838325	0.979475926165	0.890960056062	0.891331746254	0.977199536262	0.981514762516	0.97603626943	0.98213597224	0.0	0.910746559155	0.9814459373	0.981524249423	0.975359875503	0.900292031706	0.983140302009	0.985848449762	0.90897807199	0.979039979299	0.991356298462	0.983146790171	0.975375842405	0.977593575962	0.981792355372	0.980983182406	0.975600259572	0.978187919463	0.987988755431	0.984768974786	0.982661186745
gorilla	0.962005277045	0.980622658571	0.788194444444	0.794196078431	0.974955804361	0.982485511912	0.981325379328	0.983931096542	0.912136799666	0.0	0.985659411012	0.98029366306	0.982655966865	0.798719550281	0.985791709389	0.987923946557	0.884120861459	0.980509355509	0.989414615483	0.98327219369	0.978275009757	0.976950123714	0.982013457557	0.980801660397	0.980846382814	0.981682146543	0.990686399592	0.981836824374	0.980325943327
guinea pig	0.987017994859	0.974499803845	0.983195449845	0.983473208522	0.977018956115	0.974518980759	0.973255055447	0.972912850039	0.981790003874	0.984292519634	0.0	0.973187556944	0.977668138146	0.985188047398	0.979950527275	0.985045513654	0.983852215476	0.9732096184	0.986218444101	0.97985966736	0.972969443719	0.971192876784	0.975134144745	0.976312001047	0.975670372793	0.97399372713	0.980809128631	0.97753830174	0.974856696196
hippo	0.979429159167	0.96222455404	0.976341305753	0.974889981879	0.942844147968	0.967674661105	0.950638637573	0.97646450278	0.981398332264	0.980030919866	0.973116194908	0.0	0.951582867784	0.978723404255	0.978494623656	0.984014438572	0.981083515635	0.947080048109	0.985933503836	0.975339633786	0.950898203593	0.94945992799	0.956884010052	0.958074328792	0.950006665778	0.970875048758	0.983839938438	0.952972258917	0.942338494394
horse	0.980442947805	0.943172636682	0.976701809189	0.976574700677	0.954010695187	0.950869738415	0.613248989633	0.973477920042	0.975289374431	0.981618122977	0.977078477078	0.951284440303	0.0	0.974576271186	0.979549303113	0.979498563594	0.981992486073	0.94474321054	0.985305491106	0.973784244331	0.893796595864	0.891476150155	0.947679892401	0.948203955334	0.951871657754	0.967936925099	0.982785399948	0.956221809499	0.957692307692
human	0.954623627464	0.979974160207	0.68438538206	0.691633597884	0.979112944817	0.982584197721	0.978404241562	0.982352183434	0.899888765295	0.800814919292	0.985438753353	0.978221649485	0.974837872892	0.0	0.987403598972	0.987654320988	0.875303875304	0.979576008273	0.990579248886	0.985730813729	0.976193556734	0.978525226391	0.979523068948	0.980691978748	0.98242439907	0.979465323518	0.988352745424	0.982000514271	0.980655145731
mouse	0.987933247754	0.972600943891	0.985959036455	0.986363051589	0.971113758189	0.975215236107	0.980023501763	0.975718015666	0.983125458547	0.985768779343	0.9798727438	0.979015812029	0.98083192072	0.987395498392	0.0	0.979177579885	0.987547612071	0.976515350302	0.985692188708	0.913599747275	0.97433872878	0.976434965771	0.974822974036	0.976683259104	0.977754514525	0.976174892002	0.980686973428	0.978701375536	0.975932253751
opossum	0.988603988604	0.983010977522	0.987676741471	0.987287585939	0.980013063357	0.980977198697	0.981742305686	0.981925343811	0.985619898951	0.98743686051	0.984549467671	0.983361497465	0.979221118662	0.987172842705	0.978006058212	0.0	0.990043961727	0.982614379085	0.98738949558	0.981248360871	0.981053181759	0.980476939203	0.983121810807	0.983510011779	0.98357021776	0.978860294118	0.945466847091	0.98425504229	0.985031888585
orangutan	0.953414505029	0.982978723404	0.86582387588	0.871644774415	0.976874355575	0.985496085227	0.981085632854	0.984571869375	0.908827586207	0.881274131274	0.98332264272	0.98058127572	0.982006472492	0.874928774929	0.987554904832	0.99036856299	0.0	0.978433155775	0.990949649458	0.982535955386	0.98318240621	0.978809152366	0.9816205022	0.983195449845	0.979919678715	0.982485511912	0.989771129012	0.983046493707	0.981855617038
pig	0.980290456432	0.951705685619	0.97652275988	0.974931453192	0.951621549183	0.962840954012	0.942903312685	0.976097178683	0.979112610275	0.979724460619	0.973152613059	0.946325793067	0.944519075766	0.979477854267	0.976240483066	0.982895939418	0.978396668402	0.0	0.982646982647	0.973200210194	0.939443092728	0.94065963774	0.946190155091	0.95109498858	0.940961902189	0.967474321833	0.98155604624	0.946875418172	0.944697986577
platypus	0.992553601233	0.98427958945	0.989813023856	0.9889103804	0.980649350649	0.983184581555	0.98603749192	0.98014369693	0.990764494613	0.989179440938	0.985682961434	0.985542790758	0.984989648033	0.990737167117	0.984267325445	0.987224612176	0.990859938208	0.98244473342	0.0	0.984805194805	0.988379599742	0.980578727842	0.983331162912	0.982655190402	0.983668178872	0.98572911261	0.983387410772	0.985777088182	0.984846522471
rat	0.988977185337	0.97193442623	0.983468939687	0.984126984127	0.976028410772	0.977151064108	0.977754514525	0.973284442116	0.985070785071	0.983536674996	0.980574980575	0.975855428825	0.974960671211	0.985980707395	0.912432944146	0.981872717788	0.983700440529	0.974136799265	0.985578161216	0.0	0.971749174917	0.972581070393	0.978033472803	0.980826920569	0.977795193312	0.973825415522	0.980150492994	0.978735971648	0.977350111029
white rhino	0.98112961999	0.945562609753	0.979767654353	0.976324395029	0.952432141897	0.956377177816	0.899719101124	0.971586424625	0.975938276448	0.977632439503	0.972661870504	0.950240770465	0.893920157991	0.976449038336	0.973386034256	0.981379491214	0.982700312175	0.938728480412	0.988631959695	0.970907167416	0.0	0.7751950078	0.945262873361	0.944248507868	0.951651893634	0.973455978975	0.976567613562	0.956098211903	0.953535083021
indian rhino	0.979291482157	0.948282828283	0.979658364845	0.976741147263	0.949845367756	0.961792702274	0.900533108866	0.96835443038	0.977323080933	0.976358411703	0.97054973822	0.949270512649	0.892059903928	0.978215497	0.975401210208	0.980327868852	0.978331810469	0.940977392717	0.980611581002	0.971628397994	0.776428460221	0.0	0.946139308855	0.950309722596	0.948600645856	0.968473816119	0.982969318773	0.961181770005	0.958776595745
harbor seal	0.982947939543	0.934239130435	0.979491173416	0.975778096106	0.957851349555	0.940575423501	0.952881671769	0.972821115902	0.981780591808	0.98044801243	0.97494807892	0.956711675933	0.948268948002	0.979507133593	0.973408435944	0.98348074922	0.981731018399	0.946895534397	0.983733539892	0.977127172919	0.946225023468	0.946740005366	0.0	0.451240961501	0.955843116329	0.969597693618	0.980539699014	0.964215234838	0.960333201111
gray seal	0.983733539892	0.935881794768	0.980804150454	0.977098243331	0.958033573141	0.937592667475	0.953940362087	0.973192101478	0.980848861284	0.980282786354	0.975745784695	0.957413040603	0.948642503678	0.980432810678	0.975928833072	0.98386047117	0.983693542125	0.9514900441	0.982809874628	0.978634705576	0.944250403009	0.950113681958	0.451171875	0.0	0.955813643038	0.971189104243	0.981061097419	0.965548980934	0.959078267779
sheep	0.982834279814	0.95949702184	0.978046245778	0.975270076793	0.869105332746	0.965548860362	0.951245504196	0.972135007849	0.975590755648	0.979797979798	0.974837872892	0.94795687475	0.951836083023	0.981522160486	0.97710023554	0.983875162549	0.979782270607	0.940668824164	0.984514130856	0.97638000783	0.951765489674	0.948474304069	0.9548	0.954636424283	0.0	0.968360246816	0.97988580327	0.950346112886	0.944675150703
squirrel	0.985116756479	0.967047393987	0.978111643569	0.975986500519	0.969399764614	0.972934287573	0.969518576661	0.965952412252	0.978187919463	0.981290322581	0.973813844957	0.970607361165	0.968033538582	0.979333505554	0.974643837407	0.979384133612	0.982738631972	0.967309964553	0.986373569868	0.973043705836	0.973434040891	0.969073515922	0.969426584438	0.971428571429	0.968598081724	0.0	0.983494519665	0.97654224987	0.974125601352
wallaroo	0.991192238958	0.981912144703	0.989240425259	0.987948717949	0.981712813909	0.981619537275	0.983268983269	0.982691810902	0.988235294118	0.99067688378	0.980702431494	0.983442433577	0.983271136276	0.98847631242	0.980165932072	0.945753129627	0.989761965703	0.98166322314	0.983526383526	0.980005193456	0.977048755187	0.983094592851	0.980684469795	0.98132053444	0.980056980057	0.983488132095	0.0	0.986020264204	0.985218508997
fin whale	0.980976863753	0.964154411765	0.981855617038	0.980419940745	0.945892694756	0.965738197986	0.956141513184	0.980526180036	0.984900831734	0.981394667448	0.977299110022	0.951940850277	0.956285600742	0.982255368394	0.978443821054	0.984372982048	0.983035599537	0.946782841823	0.985906470211	0.978607258778	0.955605618871	0.961167613261	0.964102564103	0.96517739816	0.950852424081	0.976434028227	0.986034593209	0.0	0.629814305365
blue whale	0.981338481338	0.963045765387	0.97842377261	0.974325726141	0.941543613944	0.965990843689	0.949799732977	0.977202072539	0.982413350449	0.979435957697	0.974757281553	0.942574786325	0.957841707543	0.980149523073	0.974951830443	0.985271317829	0.981972701519	0.944713478612	0.985237483954	0.977807367954	0.953324468085	0.958764253514	0.960100409565	0.958835208471	0.945510669709	0.974398960364	0.985358335474	0.631524547804	0.0
